%YAML:1.0
ColorMap:
   - { z:-400., color:80 }
   - { z:-300., color:7780 }
   - { z:-200., color:12902 }
   - { z:-1.2500000000000000e+02, color:1272992 }
   - { z:-7.5000000000000000, color:1608909 }
   - { z:-2.5000000000000000, color:8900346 }
   - { z:-5.0000000000000003e-01, color:11592447 }
   - { z:0., color:24903 }
   - { z:2.5000000000000000, color:1079855 }
   - { z:2.5000000000000000e+01, color:15259517 }
   - { z:60., color:10568448 }
   - { z:90., color:8527390 }
   - { z:140., color:10592673 }
   - { z:200., color:13553358 }
   - { z:250., color:16777215 }
